-28.501348
-40.338625
-27.925039
-29.082480
-32.003788
-29.163066
-36.348928
-29.702842
-29.936690
-42.708180
-36.230595
-39.047549
-36.627591
-28.834197
-28.233332
-24.986471
-23.914430
-27.824750
-25.664448
-23.703306
-27.849243
-32.652890
-26.006373
-18.053794
-28.315559
-24.119098
-29.547437
-23.974558
-27.108724
-34.859072
-33.756858
-38.862952
-34.965954
-28.071098
-27.181317
-24.554817
-27.063484
-22.486847
-20.781332
-23.558813
-24.387251
-23.951398
-22.258163
-24.042815
-21.753916
-24.115131
-20.650622
-23.482719
-25.841177
-21.117802
-28.196843
-32.782679
-27.134367
-37.614494
-22.833589
-17.396204
-17.486643
-16.901333
-18.618858
-19.686728
-20.527138
-21.661068
-26.861085
-28.916196
-18.017259
-13.601803
-17.634273
-17.961734
-21.111592
-21.567582
-18.858933
-22.296301
-21.453663
-23.704256
-27.347263
-22.273073
-18.611337
-18.116995
-20.149757
-22.624274
-22.165459
-22.834004
-31.278080
-23.610864
-19.666625
-20.883674
-15.800082
-20.153322
-21.273954
-23.754215
-22.304795
-23.422862
-22.406971
-27.160737
-39.165185
-44.144929
-28.372486
-40.859402
-48.026942
-33.764157
-28.694059
-37.772500
-35.762528
-28.609916
-31.096917
-25.163996
-34.282423
-33.538687
-30.273252
-36.975639
-27.426657
-24.460209
-23.847350
-23.991777
-27.181600
-25.112697
-25.278513
-26.990325
-29.577508
-26.040286
-18.335333
-27.676476
-28.996640
-26.273582
-31.676661
-27.930173
-34.631540
-33.980195
-30.733217
-39.618583
-33.469308
-29.053603
-29.846781
-27.111700
-28.824762
-27.061568
-26.047332
-31.235330
-30.469180
-27.031864
-23.538309
-29.531483
-24.158886
-24.186305
-22.095863
-23.797030
-27.197252
-21.320124
-27.912918
-33.967003
-29.022437
-37.775321
-27.519759
-22.591048
-18.579532
-18.769546
-20.455591
-19.189638
-22.636091
-19.002163
-18.727919
-24.457004
-18.584542
-16.293867
-14.082935
-15.625384
-19.642816
-18.981298
-20.344461
-20.580818
-22.910252
-21.803851
-25.312010
-23.754496
-16.002779
-18.077990
-18.249918
-20.217829
-21.064766
-18.508138
-26.713429
-20.580309
-17.479620
-17.274764
-17.892255
-19.671160
-21.729916
-23.345337
-20.814767
-25.230762
-28.449483
-24.151753
-36.607924
-44.343920
-49.514414
-26.626261
-34.574170
-45.230980
-50.639732
-57.144983