-57.912527
-58.117581
-37.834749
-31.620967
-33.212431
-30.637430
-28.392322
-31.110370
-29.875643
-32.893715
-31.696113
-32.093568
-31.755437
-36.187847
-33.741446
-32.191064
-31.665464
-31.122194
-29.843802
-31.888087
-31.675459
-32.473369
-32.454492
-32.184907
-32.978768
-32.695299
-31.007994
-24.324146
-28.050697
-26.663658
-27.605559
-26.935755
-26.901218
-29.222624
-32.213287
-34.205984
-33.508775
-31.547373
-33.579304
-31.006888
-28.914984
-30.671116
-33.560608
-30.037627
-31.792743
-31.534131
-31.308261
-30.292909
-24.329286
-27.671384
-27.108627
-24.358127
-26.206236
-24.417074
-27.760846
-30.926400
-31.742270
-34.994645
-33.185444
-32.924720
-29.292134
-29.520919
-30.743764
-33.890322
-31.635866
-31.907495
-30.059948
-37.359019
-30.716665
-24.989188
-25.977547
-27.607520
-28.620336
-24.519317
-28.855796
-28.884719
-30.374541
-28.812833
-22.284734
-27.226985
-28.199664
-23.673060
-23.240027
-24.094136
-23.866244
-23.221288
-22.439830
-21.645198
-28.498717
-33.757818
-45.695812
-32.963160
-44.408357
-37.758177
-34.649295
-32.317565
-39.453782
-35.402798
-30.714161
-29.717591
-31.060059
-29.049993
-31.519957
-33.648894
-30.764814
-29.050815
-31.943047
-30.676591
-31.226165
-22.568951
-29.665873
-26.347368
-28.681094
-29.306878
-27.457946
-30.382189
-31.772238
-33.174985
-33.953552
-30.715257
-31.538266
-28.077636
-28.388224
-31.139401
-36.598724
-31.784667
-31.477516
-30.400339
-34.793536
-29.715173
-30.823561
-27.073386
-17.312194
-19.234440
-22.868833
-23.419266
-19.388515
-23.086851
-24.871736
-25.796855
-29.731303
-29.195378
-28.544268
-24.017870
-17.543350
-18.943772
-19.532239
-21.762781
-22.722092
-25.144105
-26.140370
-29.617007
-32.847007
-48.746450
-37.694967
-50.739026
-28.194714
-23.466665
-26.749024
-28.325019
-27.541789
-28.114709
-29.396698
-29.098658
-33.501540
-28.954461
-30.661157
-28.945032
-29.185489
-29.403015
-33.806788
-30.160977
-30.194190
-31.680378
-29.749402
-31.194036
-22.321032
-26.889311
-25.829799
-27.945670
-27.045829
-24.763489
-27.411486
-32.658899
-33.818308
-32.447504
-30.505122
-30.346648
-29.301725
-30.267091
-30.160045
-33.387893
-29.976172
-31.178797
-33.215572
-41.520063
-43.102252
-48.988757
-52.568833
-57.740270