-16.437156
-16.691318
-16.811935
-16.132285
-16.971359
-16.374079
-16.465020
-15.315698
-15.508710
-16.578965
-15.909049
-15.398281
-16.657563
-16.271492
-14.508655
-16.563626
-16.373155
-14.879777
-15.826847
-15.015945
-15.461242
-15.789964
-15.951528
-14.344819
-17.569540
-17.326422
-15.487330
-17.731662
-15.826216
-15.477865
-17.204760
-15.228949
-15.425068
-15.871277
-15.087005
-16.445279
-15.363632
-14.582775
-16.838255
-14.388238
-16.037059
-16.709717
-16.367519
-16.245969
-15.377324
-14.145949
-15.021639
-17.163788
-16.403582
-16.504842
-14.604603
-14.439577
-15.186867
-15.477249
-16.608605
-14.793204
-14.875514
-16.234043
-14.884252
-14.727666
-16.159453
-16.794917
-15.813937
-15.020013
-15.006410
-16.009980
-13.272649
-16.178688
-16.037459
-14.200402
-16.276440
-13.332527
-14.592408
-15.947018
-15.142371
-14.357250
-15.792144
-13.935806
-15.695356
-16.198596
-16.610364
-16.936722
-16.365609
-16.333832
-15.983964
-16.859932
-16.742360
-16.666952
-16.768208
-16.526811
-16.598953
-16.832924
-16.569899
-16.516372
-16.964540
-16.187206
-16.817426
-17.241344
-16.632438
-16.738256
-17.219142
-18.153895
-16.976540
-17.083331
-17.187390
-17.531656
-17.525346
-16.516314
-17.266658
-17.242777
-16.706643
-17.660471
-17.874837
-16.731858
-16.252659
-16.808625
-15.318416
-15.983536
-15.787482
-16.219386
-17.174752
-14.182492
-16.589416
-16.601222
-14.817455
-16.626326
-14.992912
-15.501199
-16.713974
-14.775749
-15.344130
-17.797453
-16.621812
-14.295581
-17.157701
-16.422479
-14.399858
-14.519684
-14.126892
-14.616081
-15.174771
-16.353952
-14.050271
-14.501207
-15.051381
-15.485355
-16.637249
-15.121558
-15.547760
-14.867654
-13.487455
-16.383415
-15.840080
-15.813017
-15.997791
-13.925316
-14.564231
-15.949584
-14.490915
-14.745722
-16.975803
-14.999801
-14.993135
-14.343616
-14.965318
-14.660584
-14.250871
-14.339121
-15.132587
-15.234065
-16.648469
-14.552515
-16.837801
-15.446796
-16.018076
-16.990405
-15.263313
-15.807722
-16.839158
-15.359439
-16.505288
-16.630363
-14.557752
-16.101829
-16.551914
-15.529956
-16.684686
-16.360435
-15.202142
-17.219617
-17.007235
-18.269857
-18.810388
-19.364362
-21.337430
-16.291606
-20.256125
-14.683775
-24.976825
-33.169095